&p = 0x7ffd91d52a30, &c = 0x7ffd91d52a27, &a = 0x7ffd91d52a38, &b = 0x7ffd91d52a28,
&x = 0x7ffd91d52a40, &y = 0x7ffd91d52a2c, &m = 0x7ffd91d52a48, &n = 0x7ffd91d52a50
 Enter b =10
a=0x7ffd91d52a28	*a=10	b=10
p=0x7ffd91d52a28	c=10	a=0x7ffd91d52a28	b=167772160
x=0x7ffd91d52a2c	*x=3.500000	y=3.500000
a=0x7ffd91d52a2c	*a=3	x=0x7ffd91d52a2c	*x=0.000000	y=0.000000
x=0x7ffd91d52a2c	*x=12345.000000	y=12345.000000
p=0x7ffd91d52a2c	c=0	x=0x7ffd91d52a2c	y=0.000000
m=0x7ffd91d52a50	*m=0.000000	n=0.000000
m=0x7ffd91d52a50	*m=5.500000	n=5.500000
b=1	y=1.700000	n=1.700000
*a=1	*x=1.700000	*m=1.700000
n=1.700000	n=0x7ffd91d52a50	m=0x7ffd91d52a60
m=0x7ffd91d52a60	*m=0.300000
p = 0x7ffd91d52a2c, c = 0, a = 0x7ffd91d52a28, b = 1,
x = 0x7ffd91d52a2c, y = 1.700000, m = 0x7ffd91d52a60, n = 1.700000
